0.3 0.3 0.3

-5.01 -8.12 -3.68
-5.43 -3.84 -3.54
1.08 -5.52 1.66
0.86 -3.78 -4.11
-2.76 0.63 7.39
4.94 3.29 2.08
-2.51 2.09 -2.59
-2.25 -2.13 -6.49
5.56 2.86 -2.26
1.03 -3.33 4.33

-0.91 -0.81 -0.05
1.30 -2.06 -3.53
-7.75 -4.54 -0.95
-5.74 0.50 3.92
6.14 5.72 -4.85
3.06 1.26 4.36
5.37 -4.63 -3.65
7.18 1.46 -6.66
-7.39 1.17 6.30
-7.50 -6.23 -0.31

5.35 2.26 8.13
5.12 3.22 -2.66
-1.34 -5.31 -9.87
4.48 3.42 5.19
7.11 2.39 9.21
7.17 4.33 -0.98
5.75 3.97 6.65
0.77 0.27 2.41
0.90 -0.43 -8.71
3.52 -0.36 6.43